0 0

0 1
0 -43 3072 -44

0 2
0 -43 3072 -44

0 3
0 -43 3072 -44

0 4
0 -43 3072 -44

0 5
0 -43 3072 -44

0 6
0 -43 3072 -44

0 7
0 -43 3072 -44

0 8
0 -43 3072 -44

0 9
0 -43 3072 -44

0 10
0 -43 3072 -44

0 11
0 -43 3072 -44

0 12
0 -43 3072 -44

0 13
0 -43 3072 -44

0 14
0 -43 3072 -44

0 15
0 -43 3072 -44

0 16
0 -43 3072 -44

0 17
0 -43 3072 -44

0 18
0 -43 3072 -44

0 19
0 -43 3072 -44

0 20
0 -43 3072 -44

0 21
0 -43 3072 -44

0 22
0 -43 3072 -44

0 23
0 -43 3072 -44

0 24
0 -43 3072 -44

0 25
0 -43 3072 -44

0 26
0 -43 3072 -44

0 27
0 -43 3072 -44

0 28
0 -43 3072 -44

0 29
0 -43 3072 -44

0 30
0 -43 3072 -44

0 31
0 -43 3072 -44

0 32
0 -43 3072 -44

0 33
0 -43 3072 -44

0 34
0 -43 3072 -44

0 35
0 -43 3072 -44

0 36
0 -43 3072 -44

0 37
0 -43 3072 -44

0 38
0 -43 3072 -44

0 39
0 -43 3072 -44

0 40
0 -43 3072 -44

0 41
0 -43 3072 -44

0 42
0 -43 3072 -44

0 43
0 -43 3072 -44

0 44
0 -43 3072 -44

0 45
0 -43 3072 -44

0 46
0 -43 3072 -44

0 47
0 -43 3072 -44

0 48
0 -43 3072 -44

0 49
0 -43 3072 -44

0 50
0 -43 3072 -44

0 51
0 -43 3072 -44

0 52
0 -43 3072 -44

0 53
0 -43 3072 -44

0 54
0 -43 3072 -44

0 55
0 -43 3072 -44

0 56
0 -43 3072 -44

0 57
0 -43 3072 -44

0 58
0 -43 3072 -44

0 59
0 -43 3072 -44

0 60
0 -43 3072 -44

0 61
0 -43 3072 -44

0 62
0 -43 3072 -44

0 63
0 -43 3072 -44

0 64
0 -43 3072 -44

0 65
0 -43 3072 -44

0 66
0 -43 3072 -44

0 67
0 -43 3072 -44

0 68
0 -43 3072 -44

0 69
0 -43 3072 -44

0 70
0 -43 3072 -44

0 71

0 72

------------------------------------------------------------------
1 0

1 1
0 -43 3072 -44
-1 176 0 0
0 42 257 0

1 2
0 -43 3072 -44
0 42 257 0

1 3
0 -43 3072 -44
0 42 257 0

1 4
0 -43 3072 -44
0 42 257 0

1 5
0 -43 3072 -44
0 42 257 0

1 6
0 -43 3072 -44
0 42 257 0
257 74 417 32

1 7
0 -43 3072 -44
257 74 417 32

1 8
0 -43 3072 -44
257 74 417 32

1 9
0 -43 3072 -44
257 74 417 32

1 10
0 -43 3072 -44
257 74 417 32

1 11
0 -43 3072 -44

1 12
0 -43 3072 -44

1 13
0 -43 3072 -44

1 14
0 -43 3072 -44

1 15
0 -43 3072 -44

1 16
0 -43 3072 -44

1 17
0 -43 3072 -44

1 18
0 -43 3072 -44

1 19
0 -43 3072 -44
800 42 832 0

1 20
0 -43 3072 -44
864 74 896 0

1 21
0 -43 3072 -44
864 74 896 0

1 22
0 -43 3072 -44
928 106 960 0
960 42 1088 0

1 23
0 -43 3072 -44
960 42 1088 0

1 24
0 -43 3072 -44
960 42 1088 0

1 25
0 -43 3072 -44
960 42 1088 0
1094 137 1125 34

1 26
0 -43 3072 -44
1094 137 1125 34

1 27
0 -43 3072 -44
1153 42 1247 28

1 28
0 -43 3072 -44
1153 42 1247 28

1 29
0 -43 3072 -44
1153 42 1247 28

1 30
0 -43 3072 -44
1280 73 1344 12

1 31
0 -43 3072 -44
1280 73 1344 12

1 32
0 -43 3072 -44
1377 41 1441 22

1 33
0 -43 3072 -44
1377 41 1441 22

1 34
0 -43 3072 -44

1 35
0 -43 3072 -44

1 36
0 -43 3072 -44
1570 41 1695 22

1 37
0 -43 3072 -44
1570 41 1695 22

1 38
0 -43 3072 -44
1570 41 1695 22

1 39
0 -43 3072 -44
1570 41 1695 22

1 40
0 -43 3072 -44

1 41
0 -43 3072 -44

1 42
0 -43 3072 -44
1824 41 1856 12

1 43
0 -43 3072 -44
1824 41 1856 12

1 44
0 -43 3072 -44
1895 138 1952 0

1 45
0 -43 3072 -44
1895 138 1952 0

1 46
0 -43 3072 -44
1984 74 2016 0

1 47
0 -43 3072 -44
2049 74 2145 0

1 48
0 -43 3072 -44
2049 74 2145 0

1 49
0 -43 3072 -44
2049 74 2145 0
2144 106 2240 0

1 50
0 -43 3072 -44
2144 106 2240 0

1 51
0 -43 3072 -44
2144 106 2240 0
2240 42 2336 0

1 52
0 -43 3072 -44
2240 42 2336 0

1 53
0 -43 3072 -44
2240 42 2336 0

1 54
0 -43 3072 -44
2240 42 2336 0
2336 74 2400 0

1 55
0 -43 3072 -44
2336 74 2400 0
2400 42 2497 0

1 56
0 -43 3072 -44
2400 42 2497 0

1 57
0 -43 3072 -44
2400 42 2497 0
2497 74 2592 0

1 58
0 -43 3072 -44
2497 74 2592 0

1 59
0 -43 3072 -44
2497 74 2592 0
2592 42 2657 0

1 60
0 -43 3072 -44
2592 42 2657 0

1 61
0 -43 3072 -44
2592 42 2657 0
2657 74 2721 0

1 62
0 -43 3072 -44
2657 74 2721 0
2721 106 2880 0

1 63
0 -43 3072 -44
2721 106 2880 0

1 64
0 -43 3072 -44
2721 106 2880 0

1 65
0 -43 3072 -44
2721 106 2880 0

1 66
0 -43 3072 -44
2721 106 2880 0

1 67
0 -43 3072 -44
2945 42 3072 0

1 68
0 -43 3072 -44
2945 42 3072 0

1 69
0 -43 3072 -44
2945 42 3072 0

1 70
0 -43 3072 -44
2945 42 3072 0

1 71

1 72

------------------------------------------------------------------
2 0

2 1
-1 176 0 0

2 2

2 3

2 4

2 5

2 6
257 74 417 32

2 7
257 74 417 32

2 8
257 74 417 32

2 9
257 74 417 32

2 10
257 74 417 32
416 106 577 64

2 11
416 106 577 64

2 12
416 106 577 64

2 13
416 106 577 64

2 14
416 106 577 64

2 15

2 16

2 17

2 18

2 19

2 20
864 74 896 0

2 21
864 74 896 0

2 22
928 106 960 0

2 23

2 24

2 25
1094 137 1125 34

2 26
1094 137 1125 34

2 27

2 28

2 29

2 30
1280 73 1344 12

2 31
1280 73 1344 12

2 32

2 33

2 34
1473 73 1537 54

2 35
1473 73 1537 54

2 36

2 37

2 38

2 39

2 40

2 41

2 42

2 43

2 44
1895 138 1952 0

2 45
1895 138 1952 0

2 46
1984 74 2016 0

2 47
2049 74 2145 0

2 48
2049 74 2145 0

2 49
2049 74 2145 0
2144 106 2240 0

2 50
2144 106 2240 0

2 51
2144 106 2240 0

2 52

2 53

2 54
2336 74 2400 0

2 55
2336 74 2400 0

2 56

2 57
2497 74 2592 0

2 58
2497 74 2592 0

2 59
2497 74 2592 0

2 60

2 61
2657 74 2721 0

2 62
2657 74 2721 0
2721 106 2880 0

2 63
2721 106 2880 0

2 64
2721 106 2880 0

2 65
2721 106 2880 0

2 66
2721 106 2880 0

2 67

2 68

2 69

2 70

2 71

2 72

------------------------------------------------------------------
3 0

3 1
-1 176 0 0

3 2

3 3

3 4

3 5

3 6

3 7

3 8

3 9

3 10
416 106 577 64

3 11
416 106 577 64

3 12
416 106 577 64

3 13
416 106 577 64

3 14
416 106 577 64
576 138 736 96

3 15
576 138 736 96

3 16
576 138 736 96

3 17
576 138 736 96

3 18

3 19

3 20

3 21

3 22
928 106 960 0

3 23

3 24
1055 100 1089 96

3 25
1055 100 1089 96
1094 137 1125 34
1088 138 1184 124

3 26
1094 137 1125 34
1088 138 1184 124

3 27
1088 138 1184 124

3 28
1217 138 1312 125

3 29
1217 138 1312 125

3 30
1217 138 1312 125
1312 106 1602 93

3 31
1312 106 1602 93

3 32
1312 106 1602 93

3 33
1312 106 1602 93

3 34
1312 106 1602 93

3 35
1312 106 1602 93

3 36
1312 106 1602 93

3 37
1312 106 1602 93
1600 138 1760 125

3 38
1600 138 1760 125

3 39
1600 138 1760 125

3 40
1600 138 1760 125

3 41
1600 138 1760 125

3 42

3 43
1855 101 1890 96

3 44
1895 138 1952 0

3 45
1895 138 1952 0

3 46

3 47

3 48

3 49
2144 106 2240 0

3 50
2144 106 2240 0

3 51
2144 106 2240 0

3 52

3 53

3 54

3 55

3 56

3 57

3 58

3 59

3 60

3 61

3 62
2721 106 2880 0

3 63
2721 106 2880 0

3 64
2721 106 2880 0

3 65
2721 106 2880 0

3 66
2721 106 2880 0

3 67

3 68

3 69

3 70

3 71

3 72

------------------------------------------------------------------
4 0

4 1
-1 176 0 0

4 2

4 3

4 4

4 5

4 6

4 7

4 8

4 9

4 10

4 11

4 12

4 13

4 14
576 138 736 96

4 15
576 138 736 96

4 16
576 138 736 96

4 17
576 138 736 96

4 18

4 19

4 20

4 21

4 22

4 23

4 24

4 25
1094 137 1125 34
1088 138 1184 124

4 26
1094 137 1125 34
1088 138 1184 124

4 27
1088 138 1184 124

4 28
1217 138 1312 125

4 29
1217 138 1312 125

4 30
1217 138 1312 125

4 31

4 32

4 33

4 34

4 35

4 36

4 37
1600 138 1760 125

4 38
1600 138 1760 125

4 39
1600 138 1760 125

4 40
1600 138 1760 125

4 41
1600 138 1760 125

4 42

4 43

4 44
1895 138 1952 0

4 45
1895 138 1952 0

4 46

4 47

4 48

4 49

4 50

4 51

4 52

4 53

4 54

4 55

4 56

4 57

4 58

4 59

4 60

4 61

4 62

4 63

4 64

4 65

4 66

4 67

4 68

4 69

4 70

4 71

4 72

------------------------------------------------------------------
5 0

5 1
-1 176 0 0

5 2

5 3

5 4

5 5

5 6

5 7

5 8

5 9

5 10

5 11

5 12

5 13

5 14

5 15

5 16

5 17

5 18

5 19

5 20

5 21

5 22

5 23

5 24

5 25

5 26

5 27

5 28

5 29

5 30

5 31

5 32

5 33

5 34

5 35

5 36

5 37

5 38

5 39

5 40

5 41

5 42

5 43

5 44

5 45

5 46

5 47

5 48

5 49

5 50

5 51

5 52

5 53

5 54

5 55

5 56

5 57

5 58

5 59

5 60

5 61

5 62

5 63

5 64

5 65

5 66

5 67

5 68

5 69

5 70

5 71

5 72

------------------------------------------------------------------
6 0

6 1

6 2

6 3

6 4

6 5

6 6

6 7

6 8

6 9

6 10

6 11

6 12

6 13

6 14

6 15

6 16

6 17

6 18

6 19

6 20

6 21

6 22

6 23

6 24

6 25

6 26

6 27

6 28

6 29

6 30

6 31

6 32

6 33

6 34

6 35

6 36

6 37

6 38

6 39

6 40

6 41

6 42

6 43

6 44

6 45

6 46

6 47

6 48

6 49

6 50

6 51

6 52

6 53

6 54

6 55

6 56

6 57

6 58

6 59

6 60

6 61

6 62

6 63

6 64

6 65

6 66

6 67

6 68

6 69

6 70

6 71

6 72

------------------------------------------------------------------
7 0

7 1

7 2

7 3

7 4

7 5

7 6

7 7

7 8

7 9

7 10

7 11

7 12

7 13

7 14

7 15

7 16

7 17

7 18

7 19

7 20

7 21

7 22

7 23

7 24

7 25

7 26

7 27

7 28

7 29

7 30

7 31

7 32

7 33

7 34

7 35

7 36

7 37

7 38

7 39

7 40

7 41

7 42

7 43

7 44

7 45

7 46

7 47

7 48

7 49

7 50

7 51

7 52

7 53

7 54

7 55

7 56

7 57

7 58

7 59

7 60

7 61

7 62

7 63

7 64

7 65

7 66

7 67

7 68

7 69

7 70

7 71

7 72

------------------------------------------------------------------
